360 302 387 310 345 330 350 343 427 345 303 314 354 362 407 487 395 384 330 313 333 445 320 369 418 396 319 350 396 394
331 399 326 404 346 394 396 354 391 303 434 383 306 448 450 403 413 458 392 432 347 380 334 305 306 403 405 445 432 331
415 339 406 369 387 392 382 406 435 353 429 334 323 376 344 485 312 432 323 309 324 359 450 308 338 320 419 348 401 376
315 424 402 305 409 419 346 394 363 314 326 380 363 308 410 369 366 345 400 407 322 434 375 301 363 342 385 375 435 401
433 424 334 315 349 365 353 313 420 394 398 414 410 406 369 435 390 418 310 330 360 359 318 407 429 385 386 319 367 410
431 337 328 390 346 419 377 445 358 408 407 331 391 434 399 344 309 332 420 332 321 320 306 313 350 378 379 395 426 351
325 309 322 315 447 395 379 335 405 431 443 399 301 436 327 381 428 388 358 427 436 590 334 310 395 447 358 429 412 317
445 437 429 397 319 313 422 324 425 377 384 412 377 377 437 380 446 321 350 393 363 481 345 437 417 362 364 355 450 351
418 431 420 388 438 329 369 375 350 383 394 300 326 338 423 390 404 345 424 346 397 437 335 325 331 382 401 420 339 336
373 378 353 303 389 412 365 425 317 367 372 427 301 398 367 384 314 335 355 336 321 348 438 421 358 325 450 336 401 311
310 428 421 352 343 379 360 362 325 328 326 390 442 311 420 375 350 375 310 378 352 351 442 434 401 430 402 416 337 439
412 399 376 332 329 300 373 313 352 410 425 393 443 378 408 418 431 383 339 320 375 372 422 397 339 431 359 431 355 413
438 420 407 463 391 374 397 326 305 409 426 314 326 353 404 318 393 368 377 314 308 405 334 301 314 402 398 376 325 413
458 492 441 464 330 434 423 435 380 414 311 348 360 349 383 343 402 346 342 347 437 355 337 410 406 368 443 397 367 360
528 419 333 369 429 353 319 404 430 325 396 333 392 394 404 398 446 310 347 402 302 387 387 408 310 402 387 313 446 425
342 314 313 375 392 426 310 380 328 347 313 349 424 432 449 330 361 312 344 381 403 427 368 324 342 556 437 362 393 351
418 407 346 343 377 421 302 370 334 432 412 366 346 368 428 371 306 401 409 362 348 626 306 333 346 654 379 437 334 404
431 414 380 362 419 446 308 443 420 339 313 386 417 373 400 347 433 304 360 358 436 1066 398 381 448 1385 305 308 440 429
394 313 359 409 432 436 376 326 443 368 333 428 358 350 408 422 420 379 331 367 439 458 414 326 348 566 327 425 430 315
328 371 329 315 407 328 336 346 353 327 392 347 403 429 323 395 303 344 385 403 303 483 329 364 345 801 312 336 435 395
394 371 385 387 416 325 341 367 325 371 425 353 401 370 390 443 448 382 341 380 414 1004 390 389 391 1191 400 385 338 357
432 342 336 307 446 348 338 443 381 314 352 327 428 401 304 316 352 411 322 320 339 321 353 350 356 393 379 328 385 310
424 364 391 369 432 364 428 351 329 365 376 320 421 442 426 310 349 372 448 427 350 323 354 425 398 402 435 414 359 431
300 376 358 306 329 304 390 384 331 343 307 351 430 307 378 374 446 301 403 447 365 392 449 366 384 368 359 431 383 330
400 323 318 310 347 386 437 419 322 353 407 376 414 345 412 354 361 428 448 413 440 378 305 414 324 343 414 428 419 340
377 360 396 353 302 328 361 348 351 426 340 438 360 330 339 396 305 377 309 425 433 313 397 449 343 416 329 444 383 301
377 338 391 390 439 445 416 450 326 360 418 400 369 323 367 435 366 433 418 446 411 305 307 369 385 429 317 352 321 328
388 430 309 395 338 326 378 427 300 431 443 357 369 405 393 398 417 408 395 350 334 345 339 357 412 322 353 309 346 436
385 317 302 440 443 329 303 378 375 307 416 391 398 354 431 303 308 307 408 387 445 357 422 323 407 355 410 316 308 311
434 419 365 395 412 378 325 403 341 418 390 379 433 397 412 377 419 422 339 418 448 338 418 328 409 329 354 316 441 417

2034 3454 309 1878 2192 1841 3181 5254 325 309 2501 1156 1149 408 321 2648 2496 422 313 333 450 345 2103 435 2553 405 1900 2269 334
1776 379 425 2705 2924 2754 4095 4972 302 1795 3133 2899 1106 1109 369 4455 4994 3480 1854 3676 3170 2614 1001 1802 3465 1449 1530 2270 190
1862 3626 1356 1301 3423 3987 5192 4238 2909 1617 2990 1446 2324 2961 1702 4326 3271 4913 1354 1678 5190 2515 1361 2369 1571 3679 1662 2272 2191
1209 2983 2414 1860 2609 2594 2074 2596 1098 1419 2245 1714 1726 2629 2268 1663 1134 1635 1178 2982 1510 2813 2125 1817 1509 2473 2419 1842 1491
1079 1072 1605 1119 2608 2871 1814 1956 1194 1111 3045 2100 2499 2019 1422 2551 2926 3049 1092 2818 2712 1182 2544 1114 2336 1904 1644 2061 2918
1267 1574 312 311 1882 374 322 1914 314 422 3154 2839 413 2532 311 436 331 1942 373 314 446 1531 2217 1802 1875 430 1770 369 152
2827 411 387 427 1158 1039 1678 2015 319 406 2814 2206 2762 1686 306 1429 1494 402 1177 394 450 5861 3062 1803 1231 387 2077 2597 216
1945 2737 3772 2993 1666 1573 2296 1962 2188 1909 3783 3245 2565 3245 1582 1947 1921 1478 2516 1798 1793 6368 2681 1370 1967 1440 1435 1068 1523
1362 2377 1577 1392 2157 2109 2950 2361 431 1707 3342 2146 3356 3412 435 1705 1529 2584 1032 1402 2892 3629 5034 1652 2600 3952 2406 1098 1802
1509 334 376 405 3547 3793 3316 3925 386 360 1437 1729 1595 339 367 3263 413 375 1222 2207 1463 384 376 356 2273 369 4156 2304 167
3473 2870 406 1465 4252 2133 3013 3725 361 2093 1917 2441 1933 2095 305 1880 3894 3958 1806 1740 1449 2545 2767 3065 3809 2859 3423 2745 415
3592 1477 332 434 3512 2075 2285 4370 309 364 1117 2860 375 360 351 3678 310 2384 310 309 2596 340 2607 396 2999 2994 4161 2818 187
2601 336 316 338 1654 2026 1178 2434 374 382 1726 1731 1343 1646 334 2058 310 447 1644 381 426 425 2282 317 1293 446 1901 1376 1848
2720 2710 1250 2855 1977 2528 3129 1770 1319 2370 2477 1507 2879 1066 2736 1536 2269 1142 2360 1541 3148 3413 1145 1147 1021 2934 2244 1463 2602
1891 2423 1113 2069 1814 2064 3158 2141 402 2965 3548 2842 1953 1966 347 1680 2835 1231 2158 1325 2922 1342 1732 1414 2449 1105 1653 2653 2307
1670 2872 2356 2058 2831 2360 2220 3009 309 1579 3097 1259 1951 1849 432 2924 3083 2461 2715 1232 2353 5594 3174 3430 2393 6719 2664 1384 1422
3573 2510 447 2829 1406 2473 4076 4237 442 2410 1616 2832 3139 2551 354 2071 2629 3138 2998 2786 1719 2473 1889 3078 4224 4612 1636 1918 2776
3589 1143 362 1232 2426 1720 2946 3291 321 1521 2724 1672 1698 2841 357 2705 4176 448 2858 2436 4636 1921 2272 3863 3053 5107 2745 2274 164
2055 3143 404 2591 2772 2465 3332 3351 312 438 3604 1870 2518 1769 335 3492 3107 2135 2299 2848 4150 2275 3356 3789 3792 8249 1219 2258 1451
2395 3057 2606 1675 2051 2705 3142 2501 3339 1737 3637 1206 2382 2285 2188 4707 1746 3799 3149 2380 3530 2002 1975 3023 2230 2578 1607 1682 2258
2704 399 309 396 1905 378 371 3644 423 302 2146 1595 348 353 418 368 383 445 354 359 365 384 345 428 3786 441 1123 362 157
3325 2186 2598 2015 2284 2974 1917 1085 304 2250 3319 1011 2367 2829 442 2646 1059 1521 1326 1408 2548 9457 1181 1526 1481 2904 1905 2515 1623
3467 3329 1415 1355 2644 2351 2017 2415 391 2661 1152 1780 2542 1246 314 2911 2293 2397 1529 1670 3379 5466 2876 2256 2017 2115 1701 2983 1314
2061 304 323 342 333 380 323 2378 321 330 2859 1314 310 326 375 325 321 342 321 315 303 334 368 384 1107 333 2008 327 157
3701 2861 2234 2138 2349 1461 4418 1909 2393 2865 2081 1575 1493 2564 2517 2301 1564 2869 2453 1690 1882 1869 4373 4455 2633 4106 2594 2621 2882
1821 1788 1045 1419 1533 2562 3758 1414 1291 2912 1641 1499 1127 1929 2622 1262 1097 1424 1304 2741 1689 1984 1747 3613 2067 2700 2209 2807 1397
3465 2712 1085 1764 1424 1570 3374 1648 2787 2181 2542 1943 2716 1430 1326 1183 1965 2384 1254 1825 2850 1509 3446 3198 1814 2668 1751 1337 1837
3326 1513 347 378 422 1912 2575 1075 355 350 1504 1328 2677 2881 377 2843 1070 2817 2464 309 315 3814 1468 2219 1571 359 1463 448 163
1427 1621 2758 1160 2138 1786 3766 1211 1455 1112 1397 1700 1651 1343 2934 2774 1655 2378 2830 2234 2655 2443 2053 1890 2023 1091 2963 1015 1816
2612 2437 1002 1799 1957 1491 2257 2750 349 2393 3396 2217 2785 2081 325 1617 2124 1212 2457 1974 1595 5315 1196 2240 1777 2611 2709 1546 1034
